 ENE:  -1.1124459876543209        1.2481712427126199     
 MAG:   1.76581790123456796E-002  0.26896990740740739       0.10526383262602880     
 VARE, VARM:   1.06351672644224848E-002  0.10495202133999676     
