 ENE:  -1.3418277994791667        1.8010263707902696     
 MAG:  -0.16999552408854166       0.22336846245659722       6.67497338685724417E-002
 VARE, VARM:   2.29025617599126555E-002  0.19455399162811976     
