 ENE:  -1.1124459876543209        1.2481712427126199     
 MAG:   1.76581790123456796E-002  0.26896990740740739       0.10526383262602880     
 VARE, VARM:   0.10312694732426866       0.32396299378169224     
